# Writeups: https://bgpmon.net/bgp-hijack-incident-by-syrian-telecommunications-establishment/
# Dataset: 	https://stat.ripe.net/data/bgp-updates/data.json?resource=AS29386&starttime=2014-12-09T08:36&endtime=2014-12-09T09:00
# Dataset:	https://stat.ripe.net/data/bgp-updates/data.json?resource=AS29386&starttime=2014-12-09T08:36&endtime=2014-12-09T09:00
# Date:		December 9 2014
# Notes: 	Attackers were customers of AS3491 (PCCW Global), AS3320 (Deutsche Telekom AG) and AS6762 (Telecom Italia Sparkle). Only the last of these actually announced the malicious routes. Make sure to include STE-2 as well.
# Mismatch:	Between this and STE-2, we find 1580 affected prefixes, rather than the 1481 reported by BGPmon.
# Attackers:
29386
# Victims
42
70
174
209
237
302
375
531
715
719
721
812
1120
1207
1239
1273
1650
1785
1853
1982
2152
2856
2914
3303
3356
3473
3491
3503
3561
3614
3786
4557
4565
4637
4739
4755
4766
4775
4837
5050
5089
5769
5790
5800
5953
5972
6200
6325
6391
6453
6461
6640
6724
6805
6830
6900
7029
7545
7843
7922
7968
7991
8100
8346
8399
8708
8792
8804
8881
9070
9105
9116
9543
9812
9814
9919
10212
10561
11096
11164
11317
11349
11511
11537
12772
13030
13128
13237
13238
14085
14100
14742
14987
15095
15191
15309
16154
16276
16625
16903
17184
17210
17378
18566
18705
19693
19940
20001
20337
20458
20485
20609
20904
21928
21966
22323
22335
22742
22769
22944
22992
23338
23492
23844
24424
25820
26178
26347
26367
26484
28241
29256
29497
29545
29676
29791
29922
29990
30036
30259
30674
30684
31208
31334
31493
32042
32196
32732
33363
33717
33763
33824
34837
35228
35843
35908
36548
37266
37315
37525
37943
38701
40399
42427
42807
43515
45031
45430
46125
47052
47680
47794
48695
49301
51525
51737
51964
52790
52901
53059
53095
53178
55545
55992
56703
56765
57366
58303
58337
59785
60411
60484
62895
63056
63182
64021
132199
132422
133859
134705
197637
198225
200350
200557
201772
202237
202660
262375
262989
263072
270708
270711
270713
270715
270716
270720
270721
327687
327693
327698
327726
327782
327979
393888
394284
394787
394788
395364
395818
396167
397889