# Writeups: https://www.bgpmon.net/hijack-by-as4761-indosat-a-quick-report/
# Dataset: 	https://web.archive.org/web/20110119001222if_/http://www.bgpmon.net:80/AS4761-Jan14-2010.txt
# Date:		Jan 14 2011
# Notes: 	Removed AS4761, the attacker, from victims list.
# Attackers:
4761
# Victims:
80 
109 
122 
286 
579 
594 
610 
668 
1221 
1273 
1299 
1407 
1423 
1449 
1625 
1632 
1642 
1742 
2033 
2386 
2514 
2519 
2631 
2636 
2725 
2727 
2734 
2754 
2914 
3209 
3216 
3243 
3253 
3257 
3269 
3292 
3301 
3320 
3352 
3356 
3361 
3462 
3495 
3549 
3577 
3585 
3598 
3729 
3786 
3801 
4134 
4264 
4354 
4366 
4436 
4538 
4546 
4739 
4760
4788 
4795 
4800 
4804 
4837 
4847 
4875 
4985 
5048 
5384 
5511 
5607 
5728 
6102 
6195 
6253 
6307 
6308 
6318 
6319 
6356 
6519 
6569 
6739 
6762 
6799 
6919 
6988 
7018 
7148 
7615 
7914 
8075 
8084 
8119 
8161 
8182 
8402 
9198 
9244 
9318 
9605 
9697 
9785 
9794 
9839 
9845 
9851 
9964 
10036 
10037 
10066 
10155 
10453 
10457 
10524 
10788 
10941 
10962 
10991 
10998 
11030 
11090 
11096 
11161 
11168 
11176 
11186 
11251 
11372 
11459 
11465 
11483 
11578 
11806 
11857 
11933 
11946 
11949 
11957 
11962 
11980 
12063 
12076 
12082 
12090 
12128 
12151 
12163 
12169 
12175 
12180 
12183 
12184 
12216 
12220 
12221 
12235 
12238 
12261 
12286 
12400 
12543 
12638 
12654 
12880 
13285 
13317 
13332 
13375 
13387 
13418 
13449 
13466 
13471 
13473 
13507 
13535 
13546 
13550 
13576 
13581 
13620 
13688 
13724 
13746 
13750 
13758 
13804 
13812 
13832 
13860 
13904 
13938 
13990 
14021 
14056 
14066 
14112 
14126 
14135 
14175 
14267 
14276 
14372 
14376 
14381 
14391 
14392 
14411 
14422 
14441 
14473 
14478 
14481 
14602 
14685 
14695 
14725 
14728 
14748 
14778 
14779 
14780 
14787 
14792 
14811 
14828 
14833 
14878 
14879 
14888 
14990 
15009 
15040 
15067 
15095 
15121 
15132 
15133 
15162 
15169 
15184 
15215 
15228 
15322 
15331 
15343 
15709 
16415 
16420 
16439 
16468 
16476 
16477 
16490 
16504 
16509 
16523 
16558 
16589 
16604 
16640 
16644 
16648 
16673 
16676 
16682 
16711 
16734 
16743 
16759 
16827 
16927 
16948 
16954 
16967 
16983 
17033 
17037 
17058 
17064 
17110 
17178 
17193 
17227 
17229 
17232 
17276 
17300 
17349 
17360 
17361 
17429 
17451 
17454 
17577 
17658 
17671 
17785 
17839 
17854 
17885 
18059 
18106 
18245 
18308 
18379 
18403 
18506 
18570 
18624 
18833 
18848 
18903 
18928 
18952 
18974 
19004 
19048 
19067 
19111 
19168 
19181 
19264 
19275 
19291 
19292 
19307 
19343 
19397 
19406 
19449 
19452 
19499 
19557 
19577 
19589 
19597 
19628 
19852 
19897 
19951 
19998 
20029 
20046 
20053 
20067 
20149 
20226 
20230 
20245 
20262 
20310 
20359 
20362 
20381 
20387 
20451 
20457 
20473 
20940 
21483 
21563 
21619 
21640 
21655 
21681 
21707 
21734 
21740 
21822 
21840 
21858 
21861 
21872 
21889 
21893 
21923 
21940 
21970 
21986 
22015 
22057 
22065 
22086 
22116 
22125 
22180 
22184 
22209 
22239 
22249 
22279 
22280 
22324 
22329 
22410 
22445 
22493 
22502 
22518 
22528 
22855 
22877 
22886 
22897 
22912 
22961 
22965 
23025 
23054 
23087 
23125 
23132 
23143 
23170 
23172 
23173 
23219 
23295 
23306 
23338 
23347 
23349 
23453 
23468 
23482 
23492 
23502 
23539 
23576 
23666 
23671 
23679 
23700 
23756 
23861 
23951 
23953 
24203 
24206 
24378 
24521 
24523 
24532 
24535 
24560 
24608 
25019 
25639 
25642 
25674 
25741 
25743 
25751 
25838 
25973 
25975 
25991 
26000 
26095 
26143 
26144 
26154 
26169 
26250 
26291 
26297 
26298 
26330 
26345 
26372 
26380 
26419 
26428 
26443 
26454 
26456 
26471 
26478 
26481 
26536 
26578 
26655 
26691 
26696 
26702 
26707 
26718 
26732 
26759 
26764 
26769 
26775 
26777 
26795 
26799 
26808 
26907 
26915 
26959 
26967 
26973 
26980 
27005 
27164 
27206 
27311 
27377 
27390 
27440 
27477 
27482 
27487 
27490 
27507 
27524 
27529 
27548 
27633 
27643 
27646 
29355 
29733 
29734 
29796 
29868 
29960 
29970 
29990 
30010 
30013 
30016 
30031 
30066 
30082 
30115 
30190 
30207 
30217 
30232 
30239 
30248 
30281 
30300 
30308 
30329 
30333 
30337 
30354 
30364 
30424 
30452 
30460 
30484 
30507 
30509 
30525 
30538 
30598 
30662 
30667 
30678 
30722 
31377 
31771 
31793 
31818 
31824 
31846 
31850 
31853 
31883 
31890 
31916 
31973 
32009 
32012 
32056 
32099 
32108 
32129 
32130 
32158 
32182 
32208 
32226 
32243 
32246 
32249 
32308 
32326 
32328 
32332 
32367 
32372 
32385 
32508 
32513 
32551 
32559 
32560 
32567 
32571 
32608 
32650 
32672 
32696 
32719 
32760 
32786 
32787 
32805 
32833 
32869 
32927 
32949 
32951 
32999 
33012 
33025 
33034 
33042 
33052 
33054 
33084 
33121 
33123 
33146 
33160 
33161 
33172 
33176 
33182 
33198 
33252 
33257 
33271 
33279 
33396 
33398 
33399 
33459 
33529 
33628 
33672 
33684 
33700 
33706 
33724 
33753 
34948 
35176 
35736 
35858 
35873 
35903 
35912 
35976 
36102 
36150 
36178 
36192 
36208 
36211 
36268 
36387 
36394 
36431 
36492 
36524 
36529 
36597 
36721 
36730 
36752 
36774 
36858 
37903 
37958 
38144 
38156 
38162 
38164 
38165 
38266 
38496 
38497 
38499 
38500 
38501 
38504 
38506 
38507 
38511 
38515 
38518 
38520 
38523 
38542 
38548 
38569 
38613 
38766 
38769 
38771 
38772 
38773 
38783 
38786 
39992 
39997 
40020 
40064 
40098 
40116 
40129 
40144 
40165 
40199 
40227 
40233 
40285 
40331 
40343 
40415 
40470 
40485 
40493 
40494 
40495 
40544 
40548 
40565 
40596 
40607 
40608 
40673 
40743 
40749 
40797 
40800 
40904 
40917 
40954 
41440 
44034 
44244 
44559 
45287 
45294 
45295 
45296 
45298 
45302 
45324 
45505 
45528 
45699 
45707 
45714 
45725 
45769 
46022 
46054 
46109 
46133 
46164 
46186 
46213 
46281 
46282 
46340 
46435 
46454 
46455 
46465 
46467 
46484 
46580 
46639 
46667 
46670 
46680 
46766 
46769 
46850 
46856 
46883 
46907 
46929 
46953 
46990 
47030 
47039 
47040 
47071 
47082 
48347 
53275 
53279 
53317 
53325 
53340 
53345 
53376 
53393 
53407 
53416 
53419 
53517 
53524 
53561 
53581 
53591 
53610 
53664 
53670 
53675 
55586 
55666 
55675 
55794